# base tip bps burned treasury tip  (generated by formal/lean/Maya2C/FeeSplit.lean)
0 3 0 0 0 3
0 3 1 0 0 3
0 3 2000 0 0 3
0 3 5000 0 0 3
0 3 9999 0 0 3
0 3 10000 0 0 3
0 3 20000 0 0 3
1 3 0 1 0 3
1 3 1 1 0 3
1 3 2000 1 0 3
1 3 5000 1 0 3
1 3 9999 1 0 3
1 3 10000 0 1 3
1 3 20000 0 1 3
7 3 0 7 0 3
7 3 1 7 0 3
7 3 2000 6 1 3
7 3 5000 4 3 3
7 3 9999 1 6 3
7 3 10000 0 7 3
7 3 20000 0 7 3
999 3 0 999 0 3
999 3 1 999 0 3
999 3 2000 800 199 3
999 3 5000 500 499 3
999 3 9999 1 998 3
999 3 10000 0 999 3
999 3 20000 0 999 3
10000 3 0 10000 0 3
10000 3 1 9999 1 3
10000 3 2000 8000 2000 3
10000 3 5000 5000 5000 3
10000 3 9999 1 9999 3
10000 3 10000 0 10000 3
10000 3 20000 0 10000 3
123456789 3 0 123456789 0 3
123456789 3 1 123444444 12345 3
123456789 3 2000 98765432 24691357 3
123456789 3 5000 61728395 61728394 3
123456789 3 9999 12346 123444443 3
123456789 3 10000 0 123456789 3
123456789 3 20000 0 123456789 3
18446744073709551615 3 0 18446744073709551615 0 3
18446744073709551615 3 1 18444899399302180660 1844674407370955 3
18446744073709551615 3 2000 14757395258967641292 3689348814741910323 3
18446744073709551615 3 5000 9223372036854775808 9223372036854775807 3
18446744073709551615 3 9999 1844674407370956 18444899399302180659 3
18446744073709551615 3 10000 0 18446744073709551615 3
18446744073709551615 3 20000 0 18446744073709551615 3
